1
2
3
5
6
7
8
9
12
14
15
16
17
19
20
21
22
23
24
27
28
29
30
32
33
34
35
37
39
40
41
44
45
46
47
48
49
50
51
53
54
55
56
57
58
60
62
65
66
67
68
69
71
72
73
74
75
76
79
80
81
82
83
84
87
88
90
91
92
94
95
97
100
101
102
103
107
108
109
111
112
113
114
115
118
119
120
122
123
124
126
129
131
132
133
136
137
138
139
140
141
144
145
148
149
150
151
152
153
154
155
156
157
158
159
160
161
163
168
171
172
174
175
176
179
182
183
184
186
187
188
189
190
191
193
194
195
197
198
200
201
202
203
205
208
210
211
213
215
218
220
221
223
224
225
226
227
228
230
231
232
233
235
236
237
238
241
242
245
246
247
250
251
255
257
259
260
177
